Year         Jan             Feb             Mar             Apr             May             Jun             Jul             Aug             Sep             Oct             Nov             Dec
-------------------------------------------------------------------------------------------------------------------------------------------------------------------------------------------------------
1970	     3817573.50	     4268720.00	     3022123.25	     3747411.75	     3838203.25	     4353014.00	     4440157.50	     4631337.50	     4110378.75	     4048970.00	     4250890.00	     3304957.75	
-------------------------------------------------------------------------------------------------------------------------------------------------------------------------------------------------------
1971	     4374096.00	     3592181.00	     4166631.50	     3539780.25	     4009264.25	     3731012.25	     3989767.50	     4203783.00	     3604754.25	     3916489.75	     3803250.00	     4025008.50	
-------------------------------------------------------------------------------------------------------------------------------------------------------------------------------------------------------
1972	     3580797.25	     3426018.50	     3885630.50	     3308088.75	     3971972.25	     3510272.50	     3454638.50	     4388255.50	     4133143.00	     3428076.25	     3848977.25	     3661533.75	
-------------------------------------------------------------------------------------------------------------------------------------------------------------------------------------------------------
1973	     3994632.50	     4099928.50	     3711436.25	     3288451.50	     3989788.25	     4795165.50	     3860292.00	     3857928.00	     3094011.25	     3745873.00	     3845666.75	     3391457.50	
-------------------------------------------------------------------------------------------------------------------------------------------------------------------------------------------------------
1974	     4555198.00	     3216807.50	     2850663.50	     3286860.50	     2842134.25	     4367271.00	     3374975.50	     3943239.75	     4144789.75	     4239337.00	     3589377.00	     3716123.25	
-------------------------------------------------------------------------------------------------------------------------------------------------------------------------------------------------------
1975	     4672165.50	     3144901.00	     3602911.75	     4723642.50	     3937500.50	     4378346.00	     4104425.75	     4317933.50	     3603835.25	     3772685.00	     3058388.75	     4061066.75	
-------------------------------------------------------------------------------------------------------------------------------------------------------------------------------------------------------
1976	     3631110.75	     3969427.00	     3616659.75	     3773017.75	     3972410.50	     3369273.75	     3872831.00	     4487205.00	     4476011.00	     4341326.50	     4165964.25	     4172729.75	
-------------------------------------------------------------------------------------------------------------------------------------------------------------------------------------------------------
1977	     3678596.00	     3647514.00	     4010694.25	     4084452.00	     3680348.50	     3552942.75	     4394947.00	     3929202.75	     4111346.25	     4508992.50	     4033354.00	     4062706.25	
-------------------------------------------------------------------------------------------------------------------------------------------------------------------------------------------------------
1978	     5223238.50	     3703686.00	     4190981.00	     3756821.00	     4317059.50	     4081300.75	     4196736.50	     4582879.50	     4290351.50	     5195540.50	     3749925.25	     3632701.00	
-------------------------------------------------------------------------------------------------------------------------------------------------------------------------------------------------------
1979	     3824341.00	     3752740.25	     3757695.75	     3079763.25	     4136509.00	     4622805.00	     3808601.00	     4566088.00	     3980189.75	     4553389.50	     4090213.50	     4158428.00	
-------------------------------------------------------------------------------------------------------------------------------------------------------------------------------------------------------
1980	     3966130.75	     3815797.25	     3940754.25	     3874262.75	     4099897.00	     3749692.75	     4239203.00	     4084898.25	     3542804.50	     4363511.50	     4021256.00	     4363275.00	
-------------------------------------------------------------------------------------------------------------------------------------------------------------------------------------------------------
1981	     3460973.75	     4092311.00	     3834081.75	     4602075.00	     4227589.50	     3704010.50	     4297234.00	     3431857.75	     3830591.50	     4238708.00	     3668343.75	     4678602.00	
-------------------------------------------------------------------------------------------------------------------------------------------------------------------------------------------------------
1982	     4342558.00	     3313012.25	     3680544.25	     2936045.00	     4238195.00	     3830522.75	     3558004.75	     4072704.25	     3650407.50	     3954758.75	     3950082.25	     3418088.00	
-------------------------------------------------------------------------------------------------------------------------------------------------------------------------------------------------------
1983	     4172570.25	     3294613.50	     3393485.00	     3918373.75	     4285482.00	     3765781.75	     4153257.00	     4028662.00	     3590659.00	     3750241.75	     3869283.25	     5472095.50	
-------------------------------------------------------------------------------------------------------------------------------------------------------------------------------------------------------
1984	     4223196.50	     3296719.25	     3808389.25	     3642108.75	     3725454.50	     4138805.50	     3898600.75	     4147228.75	     4052373.50	     4159018.75	     4183582.00	     4244554.00	
-------------------------------------------------------------------------------------------------------------------------------------------------------------------------------------------------------
1985	     4630202.50	     3753104.50	     4111094.25	     4194348.50	     4351951.50	     3740064.00	     3640760.25	     4191112.25	     3275920.25	     3853471.50	     3443200.50	     4098901.25	
-------------------------------------------------------------------------------------------------------------------------------------------------------------------------------------------------------
1986	     3787139.25	     2830186.50	     4698074.00	     3126420.50	     3572699.25	     3667709.00	     4525966.50	     4302225.50	     3633969.25	     3955298.75	     3614249.00	     4121140.50	
-------------------------------------------------------------------------------------------------------------------------------------------------------------------------------------------------------
1987	     3813554.75	     3748137.25	     3548336.25	     3622517.00	     3317294.25	     3642586.00	     4899419.50	     4334470.00	     3589043.75	     4097095.75	     4149237.00	     4052881.50	
-------------------------------------------------------------------------------------------------------------------------------------------------------------------------------------------------------
1988	     4001576.50	     3621422.50	     4176859.25	     3930579.00	     4304642.50	     4302197.00	     3826814.25	     4593408.00	     3668268.75	     3725183.50	     3370335.00	     3295898.75	
-------------------------------------------------------------------------------------------------------------------------------------------------------------------------------------------------------
1989	     3790869.25	     3382427.75	     3855741.25	     3884553.75	     3776360.25	     3915360.25	     3820439.50	     4002522.00	     3864678.00	     3450450.00	     5027770.00	     3325307.50	
-------------------------------------------------------------------------------------------------------------------------------------------------------------------------------------------------------
1990	     4344798.00	     3401987.25	     4533906.00	     3734470.25	     3945698.75	     4516191.00	     5259599.00	     3368384.00	     3919207.00	     4859576.50	     3982583.75	     4448638.00	
-------------------------------------------------------------------------------------------------------------------------------------------------------------------------------------------------------
1991	     2981704.50	     3976727.75	     3381627.00	     4138834.00	     3652522.25	     3929777.25	     5181423.00	     4178496.50	     3906848.50	     4020380.50	     3502987.75	     3727144.50	
-------------------------------------------------------------------------------------------------------------------------------------------------------------------------------------------------------
1992	     4645661.00	     4592873.50	     4251733.50	     4498167.50	     3948793.00	     3645335.75	     4107746.00	     3407989.25	     3595019.00	     3506295.00	     3712451.00	     3935208.75	
-------------------------------------------------------------------------------------------------------------------------------------------------------------------------------------------------------
1993	     3518825.75	     4373783.50	     4006223.25	     3724570.00	     4062307.00	     4146490.00	     4196193.50	     3556349.25	     4162918.75	     4092149.50	     3708565.50	     3888689.75	
-------------------------------------------------------------------------------------------------------------------------------------------------------------------------------------------------------
1994	     3664112.00	     3105398.75	     4009592.00	     4383960.50	     4127756.75	     3535063.25	     4016934.25	     4057423.25	     3732353.25	     3364853.25	     3828749.75	     3768487.00	
-------------------------------------------------------------------------------------------------------------------------------------------------------------------------------------------------------
1995	     3878229.25	     3209826.50	     4103153.00	     4414691.00	     3769138.00	     3838342.50	     3502583.50	     3950504.00	     3962207.50	     3998120.25	     3009188.75	     4172759.25	
-------------------------------------------------------------------------------------------------------------------------------------------------------------------------------------------------------
1996	     4115399.75	     3087863.00	     3488363.25	     4099196.50	     4375043.50	     3858081.75	     3026295.50	     3954460.25	     3812603.00	     3710063.00	     3232968.75	     3334628.75	
-------------------------------------------------------------------------------------------------------------------------------------------------------------------------------------------------------
1997	     3526124.75	     3656221.00	     4113723.00	     4553397.50	     3925700.25	     4109270.50	     4480657.00	     3864444.00	     3954178.25	     3784133.00	     3782441.25	     4887950.50	
-------------------------------------------------------------------------------------------------------------------------------------------------------------------------------------------------------
1998	     3706146.50	     3741012.00	     4003461.75	     3532876.50	     4418241.00	     3780316.00	     3765762.25	     4146018.75	     3393989.00	     4076171.00	     3368885.75	     3499433.75	
-------------------------------------------------------------------------------------------------------------------------------------------------------------------------------------------------------
1999	     3378845.00	     3270614.25	     3523444.50	     3753932.50	     3900776.75	     3881338.00	     3864463.50	     4158332.50	     4088450.75	     4010998.00	     3868742.00	     3951112.50	
-------------------------------------------------------------------------------------------------------------------------------------------------------------------------------------------------------
2000	     4623508.00	     3438054.25	     4100726.00	     3372127.50	     3526496.00	     3675857.50	     4140078.75	     4344269.00	     4035973.50	     4237274.00	     3847141.75	     3631564.75	
-------------------------------------------------------------------------------------------------------------------------------------------------------------------------------------------------------
2001	     3547957.00	     3559541.75	     4533850.50	     3756079.25	     4362706.00	     4247547.50	     4269096.00	     4094367.50	     4187080.50	     4431615.50	     3460620.75	     3754440.00	
-------------------------------------------------------------------------------------------------------------------------------------------------------------------------------------------------------
2002	     3018394.75	     3856686.50	     4159543.00	     3792231.00	     3922681.50	     4274833.50	     4672894.00	     3556179.25	     3450412.25	     4339089.50	     4232210.00	     3476561.25	
-------------------------------------------------------------------------------------------------------------------------------------------------------------------------------------------------------
2003	     4494603.00	     3972520.25	     4130750.00	     3749994.50	     4018876.50	     4017656.00	     4493589.50	     3797527.00	     4441165.50	     3739308.25	     3925913.00	     3611786.75	
-------------------------------------------------------------------------------------------------------------------------------------------------------------------------------------------------------
2004	     4395542.50	     3014742.25	     3726839.25	     4285269.50	     4067990.50	     3857006.50	     4063914.75	     3866246.50	     3563815.75	     3973017.75	     3819167.50	     4697214.00	
-------------------------------------------------------------------------------------------------------------------------------------------------------------------------------------------------------
2005	     3286449.25	     4333953.50	     4442560.00	     3736937.25	     4043618.75	     3816257.00	     3670320.75	     3998488.50	     4444492.50	     3959346.00	     4330065.00	     4350712.50	
-------------------------------------------------------------------------------------------------------------------------------------------------------------------------------------------------------
2006	     4265374.00	     3071016.50	     4537300.00	     3535847.25	     4047100.25	     3609111.25	     4064798.25	     4157196.75	     3627350.25	     3454456.50	     3276542.00	     3490899.25	
-------------------------------------------------------------------------------------------------------------------------------------------------------------------------------------------------------
2007	     3622520.75	     3352217.25	     3888527.75	     3811507.50	     3620239.25	     3763585.75	     3522360.25	     5003438.00	     2981969.00	     4232429.00	     3847081.50	     3758239.25	
-------------------------------------------------------------------------------------------------------------------------------------------------------------------------------------------------------
2008	     3525599.00	     2934585.50	     3374643.75	     3809490.75	     3766930.50	     4159875.25	     3947871.75	     4236691.00	     3262974.50	     3816275.75	     3527586.75	     3824692.25	
-------------------------------------------------------------------------------------------------------------------------------------------------------------------------------------------------------
2009	     4590941.50	     3956345.50	     2827361.00	     4007447.50	     4193945.75	     3661498.25	     3849275.50	     3980346.75	     4562924.50	     4565336.00	     3747054.25	     4513347.50	
-------------------------------------------------------------------------------------------------------------------------------------------------------------------------------------------------------
2010	     4622893.50	     2858856.50	     3381831.00	     3985036.50	     4219353.00	     3929711.50	     4185873.75	     3618940.00	     3941769.50	     4407076.50	     3655673.50	     4036386.25	
-------------------------------------------------------------------------------------------------------------------------------------------------------------------------------------------------------
2011	     4146213.75	     3392788.50	     4267482.00	     3996469.00	     3091685.00	     3939546.50	     3255593.50	     3688976.50	     4039904.50	     4145007.00	     4139202.75	     4229484.00	
-------------------------------------------------------------------------------------------------------------------------------------------------------------------------------------------------------
2012	     3838433.50	     3783866.50	     4496546.50	     4271912.00	     3985464.00	     3618387.00	     4754432.00	     3954294.00	     3503364.75	     3468568.25	     3699996.75	     5118207.50	
-------------------------------------------------------------------------------------------------------------------------------------------------------------------------------------------------------
2013	     3815124.25	     3635906.00	     3823719.00	     3760890.50	     3653588.25	     2640071.75	     4262141.50	     4750174.50	     3214868.00	     4400321.50	     3397575.50	     3913805.50	
-------------------------------------------------------------------------------------------------------------------------------------------------------------------------------------------------------
2014	     4576929.50	     3785776.00	     3732328.50	     3766802.00	     4068291.75	     4092028.75	     3788159.25	     3968586.25	     4087950.00	     3826655.75	     4319242.50	     3809642.75	
-------------------------------------------------------------------------------------------------------------------------------------------------------------------------------------------------------
2015	     4195232.00	     3451994.50	     3692797.00	     4165157.75	     4140446.50	     3350056.25	     3536096.25	     4004764.00	     3119353.00	     4176972.00	     3424498.50	     3746699.50	
-------------------------------------------------------------------------------------------------------------------------------------------------------------------------------------------------------
2016	     3976245.25	     3780605.25	     4669050.00	     3968918.00	     3905395.00	     4633134.50	     4737873.00	     4037504.00	     4088875.50	     4081120.75	     4241569.50	     4535207.50	
-------------------------------------------------------------------------------------------------------------------------------------------------------------------------------------------------------
2017	     3859719.00	     3724423.00	     4026889.75	     3826982.50	     4261162.00	     4029783.50	     4053992.25	     4241370.00	     4622026.50	     4085586.50	     4459875.50	     3688740.75	
-------------------------------------------------------------------------------------------------------------------------------------------------------------------------------------------------------
2018	     4645370.50	     3485262.50	     3263938.50	     3510824.50	     3840902.00	     4050023.75	     3932121.75	     4616161.50	     3487925.50	     3970663.25	     3912391.75	     4967220.00	
-------------------------------------------------------------------------------------------------------------------------------------------------------------------------------------------------------
2019	     4514550.50	     3295011.75	     3512523.25	     3835951.50	     3840590.75	     4363134.00	     4502696.00	     4064629.75	     3504415.00	     3334510.25	     3828773.25	     4495517.00	
-------------------------------------------------------------------------------------------------------------------------------------------------------------------------------------------------------
2020	     3892178.75	     4115379.75	     3760913.25	     3392138.75	     3745607.25	     3272430.50	     3881682.00	     4183194.75	     3797774.00	     3881758.50	     4554309.50	     4063230.75	
-------------------------------------------------------------------------------------------------------------------------------------------------------------------------------------------------------
2021	     3982886.00	     3769256.50	     3087178.75	     2993699.25	     3995725.00	     3788550.25	     3783018.25	     3778351.00	     3000876.25	     3800619.00	     4253319.00	     3722570.00	
-------------------------------------------------------------------------------------------------------------------------------------------------------------------------------------------------------
2022	     3417972.00	     3453508.50	     4600455.50	     4322285.50	     3841537.50	     4439037.00	     3440458.00	     3952520.50	     3713807.00	     4365072.50	     3383432.75	     4844767.50	
-------------------------------------------------------------------------------------------------------------------------------------------------------------------------------------------------------
2023	     3836639.75	     3724339.50	     3874409.75	     3988348.00	     4241710.00	     4921754.00	     3708229.25	     3795261.00	     4020730.00	     4078770.75	     3981094.00	     3698502.00	
-------------------------------------------------------------------------------------------------------------------------------------------------------------------------------------------------------
2024	     3789484.50	     1943382.63	           0.00	           0.00	           0.00	           0.00	           0.00	           0.00	           0.00	           0.00	           0.00	           0.00	
-------------------------------------------------------------------------------------------------------------------------------------------------------------------------------------------------------
